0.00000000 2.64047095 0.00000000
1.00000000 2.63310179 0.00000000
2.00000000 2.62573203 0.00000000
3.00000000 2.61836165 0.00000000
4.00000000 2.61099067 0.00000000
5.00000000 2.60361907 0.00000000
6.00000000 2.59624687 0.00000000
7.00000000 2.58887406 0.00000000
8.00000000 2.58150063 0.00000000
9.00000000 2.57412660 0.00000000
10.00000000 2.56675195 0.00000000
11.00000000 2.55937670 0.00000000
12.00000000 2.55200084 0.00000000
13.00000000 2.54462436 0.00000000
14.00000000 2.53724728 0.00000000
15.00000000 2.52986958 0.00000000
16.00000000 2.52249128 0.00000000
17.00000000 2.51511236 0.00000000
18.00000000 2.50773284 0.00000000
19.00000000 2.50015958 0.00881000
20.00000000 2.49277616 0.00880900
21.00000000 2.48539078 0.00880700
22.00000000 2.47800546 0.00880600
23.00000000 2.47062018 0.00880400
24.00000000 2.46323395 0.00880300
25.00000000 2.45584678 0.00880200
26.00000000 2.44845865 0.00880000
27.00000000 2.44107057 0.00879900
28.00000000 2.43368254 0.00879700
29.00000000 2.42629256 0.00879600
30.00000000 2.41890363 0.00879500
31.00000000 2.41151274 0.00879300
32.00000000 2.40412191 0.00879200
33.00000000 2.39673012 0.00879000
34.00000000 2.38933838 0.00878900
35.00000000 2.38194569 0.00878800
36.00000000 2.37455304 0.00878600
37.00000000 2.36715944 0.00878500
38.00000000 2.35976489 0.00878300
39.00000000 2.35236939 0.00878200
40.00000000 2.34497393 0.00878100
41.00000000 2.33757851 0.00877900
42.00000000 2.33018215 0.00877800
43.00000000 2.32278483 0.00877700
44.00000000 2.31538655 0.00877500
45.00000000 2.30798832 0.00877400
46.00000000 2.30059014 0.00877200
47.00000000 2.29319099 0.00877100
48.00000000 2.28579090 0.00877000
49.00000000 2.27838985 0.00876800
50.00000000 2.27098884 0.00876700
51.00000000 2.26358688 0.00876500
52.00000000 2.25618496 0.00876400
53.00000000 2.24878208 0.00876300
54.00000000 2.24137925 0.00876100
55.00000000 2.23397546 0.00876000
56.00000000 2.22657172 0.00875800
57.00000000 2.21916702 0.00875700
58.00000000 2.21176135 0.00875500
59.00000000 2.20435574 0.00875400
60.00000000 2.19694916 0.00875300
61.00000000 2.18954263 0.00875100
62.00000000 2.18213514 0.00875000
63.00000000 2.17472768 0.00874800
64.00000000 2.16731927 0.00874700
65.00000000 2.15990991 0.00874600
66.00000000 2.15250058 0.00874400
67.00000000 2.14509129 0.00874300
68.00000000 2.13768105 0.00874100
69.00000000 2.13026984 0.00874000
70.00000000 2.12285867 0.00873900
71.00000000 2.11544655 0.00873700
72.00000000 2.10803446 0.00873600
73.00000000 2.10062141 0.00873400
74.00000000 2.09320841 0.00873300
75.00000000 2.08579444 0.00873200
76.00000000 2.07837951 0.00873000
77.00000000 2.07096461 0.00872900
78.00000000 2.06354876 0.00872700
79.00000000 2.05613295 0.00872600
80.00000000 2.04871717 0.00872500
81.00000000 2.04129943 0.00872300
82.00000000 2.03388273 0.00872200
83.00000000 2.02646406 0.00872100
84.00000000 2.01904543 0.00871900
85.00000000 2.01162684 0.00871800
86.00000000 2.00420729 0.00871600
87.00000000 1.99678777 0.00871500
88.00000000 1.98936729 0.00871400
89.00000000 1.98194684 0.00871200
90.00000000 1.97452543 0.00871100
91.00000000 1.96710406 0.00870900
92.00000000 1.95968172 0.00870800
93.00000000 1.95225942 0.00870600
94.00000000 1.94483615 0.00870500
95.00000000 1.93741291 0.00870400
96.00000000 1.92998971 0.00870200
97.00000000 1.92256555 0.00870100
98.00000000 1.91514142 0.00869900
99.00000000 1.90771632 0.00869800
100.00000000 1.90029126 0.00869700
101.00000000 1.89286523 0.00869500
102.00000000 1.88543923 0.00869400
103.00000000 1.87801227 0.00869200
104.00000000 1.87058534 0.00869100
105.00000000 1.86315744 0.00869000
106.00000000 1.85572957 0.00868800
107.00000000 1.84830174 0.00868700
108.00000000 1.84087294 0.00868500
109.00000000 1.83344317 0.00868400
110.00000000 1.82601343 0.00868300
111.00000000 1.81858372 0.00868100
112.00000000 1.81115304 0.00868000
113.00000000 1.80372240 0.00867800
114.00000000 1.79629079 0.00867700
115.00000000 1.78885920 0.00867600
116.00000000 1.78142665 0.00867400
117.00000000 1.77399413 0.00867300
118.00000000 1.76656063 0.00867100
119.00000000 1.75912717 0.00867000
120.00000000 1.75169373 0.00866900
121.00000000 1.74425933 0.00866700
122.00000000 1.73682495 0.00866600
123.00000000 1.72939061 0.00866400
124.00000000 1.72195529 0.00866300
125.00000000 1.71451900 0.00866200
126.00000000 1.70708373 0.00866000
127.00000000 1.69964750 0.00865900
128.00000000 1.69221029 0.00865700
129.00000000 1.68477312 0.00865600
130.00000000 1.67733596 0.00865500
131.00000000 1.66989784 0.00865300
132.00000000 1.66245974 0.00865200
133.00000000 1.65502167 0.00865000
134.00000000 1.64758263 0.00864900
135.00000000 1.64014261 0.00864800
136.00000000 1.63270362 0.00864600
137.00000000 1.62526265 0.00864500
138.00000000 1.61782271 0.00864300
139.00000000 1.61038180 0.00864200
140.00000000 1.60294091 0.00864100
141.00000000 1.59549904 0.00863900
142.00000000 1.58805720 0.00863800
143.00000000 1.58061439 0.00863600
144.00000000 1.57317160 0.00863500
145.00000000 1.56572883 0.00863400
146.00000000 1.55828509 0.00863200
147.00000000 1.55084137 0.00863100
148.00000000 1.54339767 0.00862900
149.00000000 1.53595300 0.00862800
150.00000000 1.52850735 0.00862700
151.00000000 1.52106272 0.00862500
152.00000000 1.51361712 0.00862400
153.00000000 1.50617154 0.00862200
154.00000000 1.49872498 0.00862100
155.00000000 1.49127844 0.00862000
156.00000000 1.48383193 0.00861800
157.00000000 1.47638444 0.00861700
158.00000000 1.46893696 0.00861500
159.00000000 1.46148951 0.00861400
160.00000000 1.45404108 0.00861300
161.00000000 1.44659268 0.00861100
162.00000000 1.43914429 0.00861000
163.00000000 1.43169492 0.00860800
164.00000000 1.42424557 0.00860700
165.00000000 1.41679624 0.00860600
166.00000000 1.40934593 0.00860400
167.00000000 1.40189565 0.00860300
168.00000000 1.39444538 0.00860100
169.00000000 1.38699413 0.00860000
170.00000000 1.37954290 0.00859900
171.00000000 1.37209068 0.00859700
172.00000000 1.36463949 0.00859600
173.00000000 1.35718731 0.00859400
174.00000000 1.34973415 0.00859300
175.00000000 1.34228101 0.00859200
176.00000000 1.33482789 0.00859000
177.00000000 1.32737479 0.00858900
178.00000000 1.31992070 0.00858700
179.00000000 1.31246663 0.00858600
180.00000000 1.30501257 0.00858500
181.00000000 1.29755753 0.00858300
182.00000000 1.29010251 0.00858200
183.00000000 1.28264651 0.00858000
184.00000000 1.27519152 0.00857900
185.00000000 1.26773555 0.00857800
186.00000000 1.26028059 0.00857600
187.00000000 1.25282464 0.00857500
188.00000000 1.24536772 0.00857300
189.00000000 1.23791180 0.00857200
190.00000000 1.23045590 0.00857100
191.00000000 1.22299902 0.00856900
192.00000000 1.21554215 0.00856800
193.00000000 1.20808530 0.00856600
194.00000000 1.20062845 0.00856500
195.00000000 1.19317063 0.00856400
196.00000000 1.18571381 0.00856200
197.00000000 1.17825601 0.00856100
198.00000000 1.17079822 0.00855900
199.00000000 1.16334044 0.00855800
200.00000000 1.15588268 0.00855700
201.00000000 1.14842393 0.00855500
202.00000000 1.14096519 0.00855400
203.00000000 1.13350746 0.00855200
204.00000000 1.12604875 0.00855100
205.00000000 1.11858904 0.00855000
206.00000000 1.11113035 0.00854800
207.00000000 1.10367067 0.00854700
208.00000000 1.09621200 0.00854500
209.00000000 1.08875234 0.00854400
210.00000000 1.08129269 0.00854300
211.00000000 1.07383205 0.00854100
212.00000000 1.06637242 0.00854000
213.00000000 1.05891180 0.00853800
214.00000000 1.05145119 0.00853700
215.00000000 1.04399059 0.00853600
216.00000000 1.03652999 0.00853400
217.00000000 1.02906941 0.00853300
218.00000000 1.02160884 0.00853100
219.00000000 1.01414727 0.00853000
220.00000000 1.00668671 0.00852900
221.00000000 0.99922517 0.00852700
222.00000000 0.99176362 0.00852600
223.00000000 0.98430209 0.00852400
224.00000000 0.97684056 0.00852300
225.00000000 0.96937904 0.00852200
226.00000000 0.96191653 0.00852000
227.00000000 0.95445503 0.00851900
228.00000000 0.94699253 0.00851700
229.00000000 0.93953104 0.00851600
230.00000000 0.93206855 0.00851500
231.00000000 0.92460607 0.00851300
232.00000000 0.91714360 0.00851200
233.00000000 0.90968113 0.00851000
234.00000000 0.90221866 0.00850900
235.00000000 0.89475621 0.00850800
236.00000000 0.88729375 0.00850600
237.00000000 0.87983230 0.00850500
238.00000000 0.87236986 0.00850300
239.00000000 0.86490742 0.00850200
240.00000000 0.85744598 0.00850100
241.00000000 0.84998355 0.00849900
242.00000000 0.84252212 0.00849800
243.00000000 0.83505970 0.00849600
244.00000000 0.82759828 0.00849500
245.00000000 0.82013686 0.00849400
246.00000000 0.81267544 0.00849200
247.00000000 0.80521403 0.00849100
248.00000000 0.79775162 0.00848900
249.00000000 0.79029021 0.00848800
250.00000000 0.78282980 0.00848700
251.00000000 0.77536840 0.00848500
252.00000000 0.76790799 0.00848400
253.00000000 0.76044859 0.00848200
254.00000000 0.75298819 0.00848100
255.00000000 0.74552879 0.00848000
256.00000000 0.73806939 0.00847800
257.00000000 0.73061099 0.00847700
258.00000000 0.72315159 0.00847500
259.00000000 0.71569319 0.00847400
260.00000000 0.70823580 0.00847300
261.00000000 0.70077740 0.00847100
262.00000000 0.69332000 0.00847000
263.00000000 0.68586260 0.00846800
264.00000000 0.67840619 0.00846700
265.00000000 0.67094979 0.00846600
266.00000000 0.66349339 0.00846400
267.00000000 0.65603798 0.00846300
268.00000000 0.64858257 0.00846100
269.00000000 0.64112816 0.00846000
270.00000000 0.63367375 0.00845900
271.00000000 0.62622034 0.00845700
272.00000000 0.61876692 0.00845600
273.00000000 0.61131450 0.00845400
274.00000000 0.60386207 0.00845300
275.00000000 0.59641065 0.00845200
276.00000000 0.58896022 0.00845000
277.00000000 0.58151078 0.00844900
278.00000000 0.57406135 0.00844700
279.00000000 0.56661390 0.00844600
280.00000000 0.55916646 0.00844500
281.00000000 0.55171901 0.00844300
282.00000000 0.54427355 0.00844200
283.00000000 0.53682909 0.00844000
284.00000000 0.52938562 0.00843900
285.00000000 0.52194315 0.00843800
286.00000000 0.51450267 0.00843600
287.00000000 0.50706219 0.00843500
288.00000000 0.49962370 0.00843300
289.00000000 0.49218520 0.00843200
290.00000000 0.48474970 0.00843100
291.00000000 0.47731519 0.00842900
292.00000000 0.46988268 0.00842800
293.00000000 0.46245115 0.00842600
294.00000000 0.45502262 0.00842500
295.00000000 0.44759509 0.00842400
296.00000000 0.44016954 0.00842200
297.00000000 0.43274499 0.00842100
298.00000000 0.42532442 0.00841900
299.00000000 0.41790585 0.00841800
300.00000000 0.41049028 0.00841700
301.00000000 0.40307769 0.00841500
302.00000000 0.39566809 0.00841500
303.00000000 0.38826148 0.00841500
304.00000000 0.38085787 0.00841500
305.00000000 0.37339194 0.00841500
306.00000000 0.36599148 0.00841500
307.00000000 0.35859390 0.00000000
308.00000000 0.35119921 0.00000000
309.00000000 0.34380741 0.00000000
310.00000000 0.33641849 0.00000000
311.00000000 0.32903246 0.00000000
312.00000000 0.32164931 0.00000000
313.00000000 0.31426904 0.00000000
314.00000000 0.30689164 0.00000000
315.00000000 0.29951713 0.00000000
316.00000000 0.29214549 0.00000000
317.00000000 0.28477674 0.00000000
318.00000000 0.27741085 0.00000000
319.00000000 0.27004784 0.00000000
320.00000000 0.26268770 0.00000000
321.00000000 0.25533044 0.00000000
322.00000000 0.24797605 0.00000000
323.00000000 0.24062452 0.00000000
324.00000000 0.23327586 0.00000000
325.00000000 0.22593008 0.00000000
326.00000000 0.21858715 0.00000000
327.00000000 0.21124710 0.00000000
