0.0000 2.7058 0.0000
1.0000 2.6984 0.0000
2.0000 2.6910 0.0000
3.0000 2.6836 0.0000
4.0000 2.6763 0.0000
5.0000 2.6689 0.0000
6.0000 2.6615 0.0000
7.0000 2.6542 0.0000
8.0000 2.6468 0.0000
9.0000 2.6394 0.0000
10.0000 2.6320 0.0000
11.0000 2.6247 0.0000
12.0000 2.6173 0.0000
13.0000 2.6099 0.0000
14.0000 2.6025 0.0000
15.0000 2.5952 0.0000
16.0000 2.5878 0.0000
17.0000 2.5804 0.0000
18.0000 2.5730 0.0000
19.0000 2.5654 0.0088
20.0000 2.5581 0.0088
21.0000 2.5507 0.0088
22.0000 2.5433 0.0088
23.0000 2.5359 0.0088
24.0000 2.5285 0.0088
25.0000 2.5211 0.0088
26.0000 2.5137 0.0088
27.0000 2.5064 0.0088
28.0000 2.4990 0.0088
29.0000 2.4916 0.0088
30.0000 2.4842 0.0088
31.0000 2.4768 0.0088
32.0000 2.4694 0.0088
33.0000 2.4620 0.0088
34.0000 2.4546 0.0088
35.0000 2.4472 0.0088
36.0000 2.4398 0.0088
37.0000 2.4324 0.0088
38.0000 2.4250 0.0088
39.0000 2.4177 0.0088
40.0000 2.4103 0.0088
41.0000 2.4029 0.0088
42.0000 2.3955 0.0088
43.0000 2.3881 0.0088
44.0000 2.3807 0.0088
45.0000 2.3733 0.0088
46.0000 2.3659 0.0088
47.0000 2.3585 0.0088
48.0000 2.3511 0.0088
49.0000 2.3437 0.0088
50.0000 2.3363 0.0088
51.0000 2.3289 0.0088
52.0000 2.3215 0.0088
53.0000 2.3141 0.0088
54.0000 2.3067 0.0088
55.0000 2.2993 0.0088
56.0000 2.2919 0.0088
57.0000 2.2845 0.0088
58.0000 2.2770 0.0088
59.0000 2.2696 0.0088
60.0000 2.2622 0.0088
61.0000 2.2548 0.0088
62.0000 2.2474 0.0088
63.0000 2.2400 0.0087
64.0000 2.2326 0.0087
65.0000 2.2252 0.0087
66.0000 2.2178 0.0087
67.0000 2.2104 0.0087
68.0000 2.2030 0.0087
69.0000 2.1956 0.0087
70.0000 2.1881 0.0087
71.0000 2.1807 0.0087
72.0000 2.1733 0.0087
73.0000 2.1659 0.0087
74.0000 2.1585 0.0087
75.0000 2.1511 0.0087
76.0000 2.1437 0.0087
77.0000 2.1362 0.0087
78.0000 2.1288 0.0087
79.0000 2.1214 0.0087
80.0000 2.1140 0.0087
81.0000 2.1066 0.0087
82.0000 2.0992 0.0087
83.0000 2.0917 0.0087
84.0000 2.0843 0.0087
85.0000 2.0769 0.0087
86.0000 2.0695 0.0087
87.0000 2.0621 0.0087
88.0000 2.0547 0.0087
89.0000 2.0472 0.0087
90.0000 2.0398 0.0087
91.0000 2.0324 0.0087
92.0000 2.0250 0.0087
93.0000 2.0175 0.0087
94.0000 2.0101 0.0087
95.0000 2.0027 0.0087
96.0000 1.9953 0.0087
97.0000 1.9879 0.0087
98.0000 1.9804 0.0087
99.0000 1.9730 0.0087
100.0000 1.9656 0.0087
101.0000 1.9582 0.0087
102.0000 1.9507 0.0087
103.0000 1.9433 0.0087
104.0000 1.9359 0.0087
105.0000 1.9284 0.0087
106.0000 1.9210 0.0087
107.0000 1.9136 0.0087
108.0000 1.9062 0.0087
109.0000 1.8987 0.0087
110.0000 1.8913 0.0087
111.0000 1.8839 0.0087
112.0000 1.8764 0.0087
113.0000 1.8690 0.0087
114.0000 1.8616 0.0087
115.0000 1.8541 0.0087
116.0000 1.8467 0.0087
117.0000 1.8393 0.0087
118.0000 1.8318 0.0087
119.0000 1.8244 0.0087
120.0000 1.8170 0.0087
121.0000 1.8095 0.0087
122.0000 1.8021 0.0087
123.0000 1.7947 0.0087
124.0000 1.7872 0.0087
125.0000 1.7798 0.0087
126.0000 1.7724 0.0087
127.0000 1.7649 0.0087
128.0000 1.7575 0.0087
129.0000 1.7501 0.0087
130.0000 1.7426 0.0087
131.0000 1.7352 0.0087
132.0000 1.7277 0.0087
133.0000 1.7203 0.0086
134.0000 1.7129 0.0086
135.0000 1.7054 0.0086
136.0000 1.6980 0.0086
137.0000 1.6905 0.0086
138.0000 1.6831 0.0086
139.0000 1.6757 0.0086
140.0000 1.6682 0.0086
141.0000 1.6608 0.0086
142.0000 1.6533 0.0086
143.0000 1.6459 0.0086
144.0000 1.6385 0.0086
145.0000 1.6310 0.0086
146.0000 1.6236 0.0086
147.0000 1.6161 0.0086
148.0000 1.6087 0.0086
149.0000 1.6012 0.0086
150.0000 1.5938 0.0086
151.0000 1.5863 0.0086
152.0000 1.5789 0.0086
153.0000 1.5715 0.0086
154.0000 1.5640 0.0086
155.0000 1.5566 0.0086
156.0000 1.5491 0.0086
157.0000 1.5417 0.0086
158.0000 1.5342 0.0086
159.0000 1.5268 0.0086
160.0000 1.5193 0.0086
161.0000 1.5119 0.0086
162.0000 1.5044 0.0086
163.0000 1.4970 0.0086
164.0000 1.4895 0.0086
165.0000 1.4821 0.0086
166.0000 1.4746 0.0086
167.0000 1.4672 0.0086
168.0000 1.4597 0.0086
169.0000 1.4523 0.0086
170.0000 1.4448 0.0086
171.0000 1.4374 0.0086
172.0000 1.4299 0.0086
173.0000 1.4225 0.0086
174.0000 1.4150 0.0086
175.0000 1.4076 0.0086
176.0000 1.4001 0.0086
177.0000 1.3927 0.0086
178.0000 1.3852 0.0086
179.0000 1.3778 0.0086
180.0000 1.3703 0.0086
181.0000 1.3628 0.0086
182.0000 1.3554 0.0086
183.0000 1.3479 0.0086
184.0000 1.3405 0.0086
185.0000 1.3330 0.0086
186.0000 1.3256 0.0086
187.0000 1.3181 0.0086
188.0000 1.3107 0.0086
189.0000 1.3032 0.0086
190.0000 1.2957 0.0086
191.0000 1.2883 0.0086
192.0000 1.2808 0.0086
193.0000 1.2734 0.0086
194.0000 1.2659 0.0086
195.0000 1.2585 0.0086
196.0000 1.2510 0.0086
197.0000 1.2435 0.0086
198.0000 1.2361 0.0086
199.0000 1.2286 0.0086
200.0000 1.2212 0.0086
201.0000 1.2137 0.0086
202.0000 1.2063 0.0086
203.0000 1.1988 0.0086
204.0000 1.1913 0.0086
205.0000 1.1839 0.0086
206.0000 1.1764 0.0085
207.0000 1.1690 0.0085
208.0000 1.1615 0.0085
209.0000 1.1540 0.0085
210.0000 1.1466 0.0085
211.0000 1.1391 0.0085
212.0000 1.1317 0.0085
213.0000 1.1242 0.0085
214.0000 1.1167 0.0085
215.0000 1.1093 0.0085
216.0000 1.1018 0.0085
217.0000 1.0944 0.0085
218.0000 1.0869 0.0085
219.0000 1.0794 0.0085
220.0000 1.0720 0.0085
221.0000 1.0645 0.0085
222.0000 1.0570 0.0085
223.0000 1.0496 0.0085
224.0000 1.0421 0.0085
225.0000 1.0347 0.0085
226.0000 1.0272 0.0085
227.0000 1.0197 0.0085
228.0000 1.0123 0.0085
229.0000 1.0048 0.0085
230.0000 0.9974 0.0085
231.0000 0.9899 0.0085
232.0000 0.9824 0.0085
233.0000 0.9750 0.0085
234.0000 0.9675 0.0085
235.0000 0.9600 0.0085
236.0000 0.9526 0.0085
237.0000 0.9451 0.0085
238.0000 0.9377 0.0085
239.0000 0.9302 0.0085
240.0000 0.9227 0.0085
241.0000 0.9153 0.0085
242.0000 0.9078 0.0085
243.0000 0.9003 0.0085
244.0000 0.8929 0.0085
245.0000 0.8854 0.0085
246.0000 0.8780 0.0085
247.0000 0.8705 0.0085
248.0000 0.8630 0.0085
249.0000 0.8556 0.0085
250.0000 0.8481 0.0085
251.0000 0.8407 0.0085
252.0000 0.8332 0.0085
253.0000 0.8257 0.0085
254.0000 0.8183 0.0085
255.0000 0.8108 0.0085
256.0000 0.8034 0.0085
257.0000 0.7959 0.0085
258.0000 0.7884 0.0085
259.0000 0.7810 0.0085
260.0000 0.7735 0.0085
261.0000 0.7661 0.0085
262.0000 0.7586 0.0085
263.0000 0.7511 0.0085
264.0000 0.7437 0.0085
265.0000 0.7362 0.0085
266.0000 0.7288 0.0085
267.0000 0.7213 0.0085
268.0000 0.7139 0.0085
269.0000 0.7064 0.0085
270.0000 0.6990 0.0085
271.0000 0.6915 0.0085
272.0000 0.6841 0.0085
273.0000 0.6766 0.0085
274.0000 0.6691 0.0085
275.0000 0.6617 0.0085
276.0000 0.6542 0.0084
277.0000 0.6468 0.0084
278.0000 0.6393 0.0084
279.0000 0.6319 0.0084
280.0000 0.6245 0.0084
281.0000 0.6170 0.0084
282.0000 0.6096 0.0084
283.0000 0.6021 0.0084
284.0000 0.5947 0.0084
285.0000 0.5872 0.0084
286.0000 0.5798 0.0084
287.0000 0.5723 0.0084
288.0000 0.5649 0.0084
289.0000 0.5575 0.0084
290.0000 0.5500 0.0084
291.0000 0.5426 0.0084
292.0000 0.5352 0.0084
293.0000 0.5277 0.0084
294.0000 0.5203 0.0084
295.0000 0.5129 0.0084
296.0000 0.5055 0.0084
297.0000 0.4980 0.0084
298.0000 0.4906 0.0084
299.0000 0.4832 0.0084
300.0000 0.4758 0.0084
301.0000 0.4684 0.0084
302.0000 0.4610 0.0084
303.0000 0.4535 0.0084
304.0000 0.4461 0.0084
305.0000 0.4387 0.0084
306.0000 0.4313 0.0084
307.0000 0.4239 0.0000
308.0000 0.4165 0.0000
309.0000 0.4091 0.0000
310.0000 0.4017 0.0000
311.0000 0.3943 0.0000
312.0000 0.3869 0.0000
313.0000 0.3796 0.0000
314.0000 0.3722 0.0000
315.0000 0.3648 0.0000
316.0000 0.3574 0.0000
317.0000 0.3501 0.0000
318.0000 0.3427 0.0000
319.0000 0.3353 0.0000
320.0000 0.3280 0.0000
321.0000 0.3206 0.0000
322.0000 0.3133 0.0000
323.0000 0.3059 0.0000
324.0000 0.2986 0.0000
325.0000 0.2912 0.0000
326.0000 0.2839 0.0000
327.0000 0.2765 0.0000
