0.000000 2.640432 0.000000
1.000000 2.633062 0.000000
2.000000 2.625693 0.000000
3.000000 2.618322 0.000000
4.000000 2.610951 0.000000
5.000000 2.603580 0.000000
6.000000 2.596208 0.000000
7.000000 2.588835 0.000000
8.000000 2.581461 0.000000
9.000000 2.574087 0.000000
10.000000 2.566713 0.000000
11.000000 2.559337 0.000000
12.000000 2.551962 0.000000
13.000000 2.544585 0.000000
14.000000 2.537208 0.000000
15.000000 2.529830 0.000000
16.000000 2.522452 0.000000
17.000000 2.515073 0.000000
18.000000 2.507694 0.000000
19.000000 2.500120 0.008810
20.000000 2.492737 0.008809
21.000000 2.485351 0.008807
22.000000 2.477966 0.008806
23.000000 2.470581 0.008804
24.000000 2.463195 0.008803
25.000000 2.455807 0.008802
26.000000 2.448419 0.008800
27.000000 2.441031 0.008799
28.000000 2.433643 0.008797
29.000000 2.426253 0.008796
30.000000 2.418864 0.008795
31.000000 2.411473 0.008793
32.000000 2.404083 0.008792
33.000000 2.396691 0.008790
34.000000 2.389299 0.008789
35.000000 2.381906 0.008788
36.000000 2.374514 0.008786
37.000000 2.367120 0.008785
38.000000 2.359726 0.008783
39.000000 2.352330 0.008782
40.000000 2.344935 0.008781
41.000000 2.337539 0.008779
42.000000 2.330143 0.008778
43.000000 2.322746 0.008777
44.000000 2.315347 0.008775
45.000000 2.307949 0.008774
46.000000 2.300551 0.008772
47.000000 2.293152 0.008771
48.000000 2.285752 0.008770
49.000000 2.278351 0.008768
50.000000 2.270950 0.008767
51.000000 2.263548 0.008765
52.000000 2.256146 0.008764
53.000000 2.248743 0.008763
54.000000 2.241340 0.008761
55.000000 2.233936 0.008760
56.000000 2.226532 0.008758
57.000000 2.219128 0.008757
58.000000 2.211722 0.008755
59.000000 2.204316 0.008754
60.000000 2.196910 0.008753
61.000000 2.189503 0.008751
62.000000 2.182096 0.008750
63.000000 2.174688 0.008748
64.000000 2.167280 0.008747
65.000000 2.159871 0.008746
66.000000 2.152461 0.008744
67.000000 2.145052 0.008743
68.000000 2.137642 0.008741
69.000000 2.130231 0.008740
70.000000 2.122819 0.008739
71.000000 2.115407 0.008737
72.000000 2.107995 0.008736
73.000000 2.100582 0.008734
74.000000 2.093169 0.008733
75.000000 2.085755 0.008732
76.000000 2.078340 0.008730
77.000000 2.070925 0.008729
78.000000 2.063509 0.008727
79.000000 2.056094 0.008726
80.000000 2.048678 0.008725
81.000000 2.041260 0.008723
82.000000 2.033843 0.008722
83.000000 2.026425 0.008721
84.000000 2.019006 0.008719
85.000000 2.011588 0.008718
86.000000 2.004168 0.008716
87.000000 1.996748 0.008715
88.000000 1.989328 0.008714
89.000000 1.981908 0.008712
90.000000 1.974486 0.008711
91.000000 1.967065 0.008709
92.000000 1.959642 0.008708
93.000000 1.952220 0.008706
94.000000 1.944797 0.008705
95.000000 1.937374 0.008704
96.000000 1.929950 0.008702
97.000000 1.922526 0.008701
98.000000 1.915102 0.008699
99.000000 1.907677 0.008698
100.000000 1.900252 0.008697
101.000000 1.892826 0.008695
102.000000 1.885400 0.008694
103.000000 1.877973 0.008692
104.000000 1.870546 0.008691
105.000000 1.863118 0.008690
106.000000 1.855690 0.008688
107.000000 1.848262 0.008687
108.000000 1.840834 0.008685
109.000000 1.833404 0.008684
110.000000 1.825974 0.008683
111.000000 1.818544 0.008681
112.000000 1.811114 0.008680
113.000000 1.803683 0.008678
114.000000 1.796251 0.008677
115.000000 1.788820 0.008676
116.000000 1.781387 0.008674
117.000000 1.773955 0.008673
118.000000 1.766521 0.008671
119.000000 1.759088 0.008670
120.000000 1.751654 0.008669
121.000000 1.744220 0.008667
122.000000 1.736786 0.008666
123.000000 1.729351 0.008664
124.000000 1.721916 0.008663
125.000000 1.714480 0.008662
126.000000 1.707044 0.008660
127.000000 1.699608 0.008659
128.000000 1.692171 0.008657
129.000000 1.684734 0.008656
130.000000 1.677297 0.008655
131.000000 1.669859 0.008653
132.000000 1.662420 0.008652
133.000000 1.654982 0.008650
134.000000 1.647543 0.008649
135.000000 1.640103 0.008648
136.000000 1.632664 0.008646
137.000000 1.625223 0.008645
138.000000 1.617783 0.008643
139.000000 1.610342 0.008642
140.000000 1.602902 0.008641
141.000000 1.595460 0.008639
142.000000 1.588018 0.008638
143.000000 1.580575 0.008636
144.000000 1.573132 0.008635
145.000000 1.565690 0.008634
146.000000 1.558246 0.008632
147.000000 1.550802 0.008631
148.000000 1.543358 0.008629
149.000000 1.535914 0.008628
150.000000 1.528468 0.008627
151.000000 1.521023 0.008625
152.000000 1.513578 0.008624
153.000000 1.506132 0.008622
154.000000 1.498686 0.008621
155.000000 1.491239 0.008620
156.000000 1.483793 0.008618
157.000000 1.476345 0.008617
158.000000 1.468898 0.008615
159.000000 1.461450 0.008614
160.000000 1.454002 0.008613
161.000000 1.446553 0.008611
162.000000 1.439105 0.008610
163.000000 1.431656 0.008608
164.000000 1.424206 0.008607
165.000000 1.416757 0.008606
166.000000 1.409307 0.008604
167.000000 1.401856 0.008603
168.000000 1.394406 0.008601
169.000000 1.386955 0.008600
170.000000 1.379504 0.008599
171.000000 1.372051 0.008597
172.000000 1.364600 0.008596
173.000000 1.357148 0.008594
174.000000 1.349695 0.008593
175.000000 1.342242 0.008592
176.000000 1.334789 0.008590
177.000000 1.327335 0.008589
178.000000 1.319881 0.008587
179.000000 1.312427 0.008586
180.000000 1.304973 0.008585
181.000000 1.297518 0.008583
182.000000 1.290063 0.008582
183.000000 1.282607 0.008580
184.000000 1.275152 0.008579
185.000000 1.267696 0.008578
186.000000 1.260241 0.008576
187.000000 1.252785 0.008575
188.000000 1.245328 0.008573
189.000000 1.237872 0.008572
190.000000 1.230417 0.008571
191.000000 1.222960 0.008569
192.000000 1.215503 0.008568
193.000000 1.208046 0.008566
194.000000 1.200589 0.008565
195.000000 1.193131 0.008564
196.000000 1.185674 0.008562
197.000000 1.178217 0.008561
198.000000 1.170759 0.008559
199.000000 1.163301 0.008558
200.000000 1.155843 0.008557
201.000000 1.148385 0.008555
202.000000 1.140926 0.008554
203.000000 1.133468 0.008552
204.000000 1.126009 0.008551
205.000000 1.118550 0.008550
206.000000 1.111091 0.008548
207.000000 1.103631 0.008547
208.000000 1.096173 0.008545
209.000000 1.088713 0.008544
210.000000 1.081253 0.008543
211.000000 1.073793 0.008541
212.000000 1.066333 0.008540
213.000000 1.058872 0.008538
214.000000 1.051412 0.008537
215.000000 1.043951 0.008536
216.000000 1.036491 0.008534
217.000000 1.029030 0.008533
218.000000 1.021570 0.008531
219.000000 1.014108 0.008530
220.000000 1.006647 0.008529
221.000000 0.999186 0.008527
222.000000 0.991724 0.008526
223.000000 0.984263 0.008524
224.000000 0.976801 0.008523
225.000000 0.969340 0.008522
226.000000 0.961877 0.008520
227.000000 0.954416 0.008519
228.000000 0.946953 0.008517
229.000000 0.939492 0.008516
230.000000 0.932029 0.008515
231.000000 0.924567 0.008513
232.000000 0.917104 0.008512
233.000000 0.909642 0.008510
234.000000 0.902179 0.008509
235.000000 0.894717 0.008508
236.000000 0.887254 0.008506
237.000000 0.879793 0.008505
238.000000 0.872331 0.008503
239.000000 0.864868 0.008502
240.000000 0.857407 0.008501
241.000000 0.849944 0.008499
242.000000 0.842483 0.008498
243.000000 0.835020 0.008496
244.000000 0.827559 0.008495
245.000000 0.820098 0.008494
246.000000 0.812636 0.008492
247.000000 0.805175 0.008491
248.000000 0.797712 0.008489
249.000000 0.790251 0.008488
250.000000 0.782790 0.008487
251.000000 0.775329 0.008485
252.000000 0.767869 0.008484
253.000000 0.760409 0.008482
254.000000 0.752949 0.008481
255.000000 0.745489 0.008480
256.000000 0.738030 0.008478
257.000000 0.730572 0.008477
258.000000 0.723112 0.008475
259.000000 0.715654 0.008474
260.000000 0.708196 0.008473
261.000000 0.700738 0.008471
262.000000 0.693281 0.008470
263.000000 0.685823 0.008468
264.000000 0.678367 0.008467
265.000000 0.670910 0.008466
266.000000 0.663454 0.008464
267.000000 0.655999 0.008463
268.000000 0.648543 0.008461
269.000000 0.641089 0.008460
270.000000 0.633634 0.008459
271.000000 0.626181 0.008457
272.000000 0.618728 0.008456
273.000000 0.611275 0.008454
274.000000 0.603823 0.008453
275.000000 0.596371 0.008452
276.000000 0.588921 0.008450
277.000000 0.581471 0.008449
278.000000 0.574022 0.008447
279.000000 0.566575 0.008446
280.000000 0.559127 0.008445
281.000000 0.551680 0.008443
282.000000 0.544234 0.008442
283.000000 0.536790 0.008440
284.000000 0.529346 0.008439
285.000000 0.521904 0.008438
286.000000 0.514463 0.008436
287.000000 0.507023 0.008435
288.000000 0.499584 0.008433
289.000000 0.492146 0.008432
290.000000 0.484710 0.008431
291.000000 0.477276 0.008429
292.000000 0.469843 0.008428
293.000000 0.462412 0.008426
294.000000 0.454983 0.008425
295.000000 0.447556 0.008424
296.000000 0.440130 0.008422
297.000000 0.432706 0.008421
298.000000 0.425285 0.008419
299.000000 0.417867 0.008418
300.000000 0.410451 0.008417
301.000000 0.403038 0.008415
302.000000 0.395629 0.008415
303.000000 0.388222 0.008415
304.000000 0.380819 0.008415
305.000000 0.373353 0.008415
306.000000 0.365952 0.008415
307.000000 0.358555 0.000000
308.000000 0.351160 0.000000
309.000000 0.343768 0.000000
310.000000 0.336379 0.000000
311.000000 0.328993 0.000000
312.000000 0.321610 0.000000
313.000000 0.314230 0.000000
314.000000 0.306852 0.000000
315.000000 0.299478 0.000000
316.000000 0.292106 0.000000
317.000000 0.284737 0.000000
318.000000 0.277372 0.000000
319.000000 0.270009 0.000000
320.000000 0.262648 0.000000
321.000000 0.255291 0.000000
322.000000 0.247937 0.000000
323.000000 0.240585 0.000000
324.000000 0.233237 0.000000
325.000000 0.225891 0.000000
326.000000 0.218548 0.000000
327.000000 0.211208 0.000000
